{"nbformat":4,"nbformat_minor":0,"metadata":{"colab":{"name":"Decision Tree Assignment.ipynb","provenance":[],"authorship_tag":"ABX9TyP+AoQwTCu6jxtFEdiWX5Ik"},"kernelspec":{"name":"python3","display_name":"Python 3"},"language_info":{"name":"python"}},"cells":[{"cell_type":"code","metadata":{"colab":{"base_uri":"https://localhost:8080/"},"id":"netwwAyGc0xP","executionInfo":{"status":"ok","timestamp":1630933754680,"user_tz":-330,"elapsed":28324,"user":{"displayName":"Pavitra Biradar","photoUrl":"","userId":"16531559993111528393"}},"outputId":"1988c1d2-5c3e-460d-ffb3-9f3474c21d4a"},"source":["from google.colab import drive\n","drive.mount('/content/drive')"],"execution_count":3,"outputs":[{"output_type":"stream","name":"stdout","text":["Mounted at /content/drive\n"]}]},{"cell_type":"code","metadata":{"colab":{"base_uri":"https://localhost:8080/"},"id":"Raezpohiw0GE","executionInfo":{"status":"ok","timestamp":1630933762086,"user_tz":-330,"elapsed":4191,"user":{"displayName":"Pavitra Biradar","photoUrl":"","userId":"16531559993111528393"}},"outputId":"1acad656-ad45-4f19-c23f-8f23174ec4ac"},"source":["!pip install chart_studio"],"execution_count":4,"outputs":[{"output_type":"stream","name":"stdout","text":["Collecting chart_studio\n","  Downloading chart_studio-1.1.0-py3-none-any.whl (64 kB)\n","\u001b[?25l\r\u001b[K     |█████                           | 10 kB 30.8 MB/s eta 0:00:01\r\u001b[K     |██████████▏                     | 20 kB 37.1 MB/s eta 0:00:01\r\u001b[K     |███████████████▎                | 30 kB 42.2 MB/s eta 0:00:01\r\u001b[K     |████████████████████▍           | 40 kB 34.0 MB/s eta 0:00:01\r\u001b[K     |█████████████████████████▍      | 51 kB 14.6 MB/s eta 0:00:01\r\u001b[K     |██████████████████████████████▌ | 61 kB 16.4 MB/s eta 0:00:01\r\u001b[K     |████████████████████████████████| 64 kB 2.0 MB/s \n","\u001b[?25hRequirement already satisfied: six in /usr/local/lib/python3.7/dist-packages (from chart_studio) (1.15.0)\n","Requirement already satisfied: retrying>=1.3.3 in /usr/local/lib/python3.7/dist-packages (from chart_studio) (1.3.3)\n","Requirement already satisfied: requests in /usr/local/lib/python3.7/dist-packages (from chart_studio) (2.23.0)\n","Requirement already satisfied: plotly in /usr/local/lib/python3.7/dist-packages (from chart_studio) (4.4.1)\n","Requirement already satisfied: certifi>=2017.4.17 in /usr/local/lib/python3.7/dist-packages (from requests->chart_studio) (2021.5.30)\n","Requirement already satisfied: urllib3!=1.25.0,!=1.25.1,<1.26,>=1.21.1 in /usr/local/lib/python3.7/dist-packages (from requests->chart_studio) (1.24.3)\n","Requirement already satisfied: idna<3,>=2.5 in /usr/local/lib/python3.7/dist-packages (from requests->chart_studio) (2.10)\n","Requirement already satisfied: chardet<4,>=3.0.2 in /usr/local/lib/python3.7/dist-packages (from requests->chart_studio) (3.0.4)\n","Installing collected packages: chart-studio\n","Successfully installed chart-studio-1.1.0\n"]}]},{"cell_type":"code","metadata":{"colab":{"base_uri":"https://localhost:8080/","height":17,"output_embedded_package_id":"1a2tGsm724Cj2Hbrfq5NY_lRgmd_FJNRA"},"id":"e1zMWAc4wtv4","executionInfo":{"status":"ok","timestamp":1630933772905,"user_tz":-330,"elapsed":6475,"user":{"displayName":"Pavitra Biradar","photoUrl":"","userId":"16531559993111528393"}},"outputId":"2ee640d6-6e39-40d5-d2fd-afeba8e9d33e"},"source":["%matplotlib inline\n","import warnings\n","warnings.filterwarnings(\"ignore\")\n","\n","import pandas as pd\n","import numpy as np\n","import nltk\n","import matplotlib.pyplot as plt\n","import seaborn as sns\n","from sklearn.feature_extraction.text import TfidfVectorizer\n","from sklearn.feature_extraction.text import CountVectorizer\n","from sklearn.metrics import confusion_matrix\n","from sklearn import metrics\n","from sklearn.metrics import roc_curve, auc\n","\n","import re\n","# Tutorial about Python regular expressions: https://pymotw.com/2/re/\n","\n","import pickle\n","from tqdm import tqdm\n","import os\n","\n","from chart_studio.plotly import plotly\n","import plotly.offline as offline\n","import plotly.graph_objs as go\n","offline.init_notebook_mode()\n","from collections import Counter"],"execution_count":5,"outputs":[{"output_type":"display_data","data":{"text/plain":"Output hidden; open in https://colab.research.google.com to view."},"metadata":{}}]},{"cell_type":"code","metadata":{"colab":{"base_uri":"https://localhost:8080/"},"id":"ENp9u3BiKPll","executionInfo":{"status":"ok","timestamp":1630933776082,"user_tz":-330,"elapsed":727,"user":{"displayName":"Pavitra Biradar","photoUrl":"","userId":"16531559993111528393"}},"outputId":"e0152bc2-add2-4016-8b5d-728355350523"},"source":["import nltk\n","nltk.download('vader_lexicon')"],"execution_count":6,"outputs":[{"output_type":"stream","name":"stdout","text":["[nltk_data] Downloading package vader_lexicon to /root/nltk_data...\n"]},{"output_type":"execute_result","data":{"text/plain":["True"]},"metadata":{},"execution_count":6}]},{"cell_type":"code","metadata":{"colab":{"base_uri":"https://localhost:8080/","height":284},"id":"osXUYjX-dOht","executionInfo":{"status":"ok","timestamp":1630933783464,"user_tz":-330,"elapsed":5158,"user":{"displayName":"Pavitra Biradar","photoUrl":"","userId":"16531559993111528393"}},"outputId":"a9b49e56-7c21-4711-97e3-f35a9f91552e"},"source":["import pandas\n","data = pandas.read_csv('/content/drive/MyDrive/dataset/preprocessed_data.csv',nrows=50000)\n","data.head(2)"],"execution_count":7,"outputs":[{"output_type":"execute_result","data":{"text/html":["<div>\n","<style scoped>\n","    .dataframe tbody tr th:only-of-type {\n","        vertical-align: middle;\n","    }\n","\n","    .dataframe tbody tr th {\n","        vertical-align: top;\n","    }\n","\n","    .dataframe thead th {\n","        text-align: right;\n","    }\n","</style>\n","<table border=\"1\" class=\"dataframe\">\n","  <thead>\n","    <tr style=\"text-align: right;\">\n","      <th></th>\n","      <th>school_state</th>\n","      <th>teacher_prefix</th>\n","      <th>project_grade_category</th>\n","      <th>teacher_number_of_previously_posted_projects</th>\n","      <th>project_is_approved</th>\n","      <th>clean_categories</th>\n","      <th>clean_subcategories</th>\n","      <th>essay</th>\n","      <th>price</th>\n","    </tr>\n","  </thead>\n","  <tbody>\n","    <tr>\n","      <th>0</th>\n","      <td>ca</td>\n","      <td>mrs</td>\n","      <td>grades_prek_2</td>\n","      <td>53</td>\n","      <td>1</td>\n","      <td>math_science</td>\n","      <td>appliedsciences health_lifescience</td>\n","      <td>i fortunate enough use fairy tale stem kits cl...</td>\n","      <td>725.05</td>\n","    </tr>\n","    <tr>\n","      <th>1</th>\n","      <td>ut</td>\n","      <td>ms</td>\n","      <td>grades_3_5</td>\n","      <td>4</td>\n","      <td>1</td>\n","      <td>specialneeds</td>\n","      <td>specialneeds</td>\n","      <td>imagine 8 9 years old you third grade classroo...</td>\n","      <td>213.03</td>\n","    </tr>\n","  </tbody>\n","</table>\n","</div>"],"text/plain":["  school_state  ...   price\n","0           ca  ...  725.05\n","1           ut  ...  213.03\n","\n","[2 rows x 9 columns]"]},"metadata":{},"execution_count":7}]},{"cell_type":"code","metadata":{"id":"4d4Oh3MCJgE2","executionInfo":{"status":"ok","timestamp":1630933875615,"user_tz":-330,"elapsed":90003,"user":{"displayName":"Pavitra Biradar","photoUrl":"","userId":"16531559993111528393"}}},"source":["import nltk\n","from nltk.sentiment.vader import SentimentIntensityAnalyzer\n","\n","sid = SentimentIntensityAnalyzer()\n","\n","x_train_sentiment=[]\n","for i in data.essay:\n","    l=[]\n","    ss = sid.polarity_scores(i) \n","    l.append(ss['neg'])\n","    l.append(ss['neu'])\n","    l.append(ss['pos'])\n","    l.append(ss['compound'])\n","    x_train_sentiment.append(l)\n"],"execution_count":8,"outputs":[]},{"cell_type":"code","metadata":{"colab":{"base_uri":"https://localhost:8080/"},"id":"FRMkwQGcNMPS","executionInfo":{"status":"ok","timestamp":1630933915211,"user_tz":-330,"elapsed":2067,"user":{"displayName":"Pavitra Biradar","photoUrl":"","userId":"16531559993111528393"}},"outputId":"b682718a-6cbb-4a7e-dda8-cb8a43667e85"},"source":["print(x_train_sentiment)\n","print(len(x_train_sentiment))"],"execution_count":9,"outputs":[{"output_type":"stream","name":"stdout","text":["[[0.013, 0.783, 0.205, 0.9867], [0.072, 0.68, 0.248, 0.9897], [0.017, 0.721, 0.262, 0.986], [0.03, 0.783, 0.187, 0.9524], [0.029, 0.683, 0.288, 0.9873], [0.013, 0.701, 0.286, 0.9935], [0.019, 0.577, 0.404, 0.9977], [0.067, 0.631, 0.302, 0.9964], [0.063, 0.784, 0.153, 0.9484], [0.057, 0.708, 0.235, 0.9861], [0.012, 0.578, 0.41, 0.9976], [0.034, 0.731, 0.235, 0.9952], [0.013, 0.669, 0.318, 0.9875], [0.041, 0.606, 0.353, 0.9955], [0.018, 0.832, 0.15, 0.9834], [0.021, 0.691, 0.288, 0.9959], [0.007, 0.769, 0.224, 0.9899], [0.079, 0.661, 0.259, 0.995], [0.027, 0.732, 0.242, 0.9946], [0.044, 0.726, 0.23, 0.9859], [0.0, 0.609, 0.391, 0.9954], [0.02, 0.72, 0.259, 0.9931], [0.064, 0.66, 0.276, 0.99], [0.032, 0.764, 0.203, 0.9841], [0.011, 0.646, 0.343, 0.9968], [0.037, 0.651, 0.311, 0.9862], [0.027, 0.8, 0.174, 0.9877], [0.09, 0.712, 0.198, 0.9686], [0.0, 0.719, 0.281, 0.9916], [0.13, 0.67, 0.2, 0.9299], [0.012, 0.798, 0.191, 0.994], [0.065, 0.696, 0.239, 0.9938], [0.026, 0.803, 0.171, 0.9853], [0.013, 0.749, 0.237, 0.9896], [0.034, 0.609, 0.358, 0.9967], [0.007, 0.55, 0.443, 0.9977], [0.0, 0.637, 0.363, 0.9975], [0.042, 0.668, 0.29, 0.9941], [0.042, 0.761, 0.198, 0.9888], [0.035, 0.638, 0.327, 0.9938], [0.091, 0.603, 0.307, 0.987], [0.029, 0.62, 0.35, 0.9901], [0.0, 0.815, 0.185, 0.9776], [0.051, 0.768, 0.181, 0.9771], [0.0, 0.699, 0.301, 0.9904], [0.019, 0.9, 0.082, 0.7269], [0.073, 0.72, 0.207, 0.9731], [0.024, 0.75, 0.226, 0.9861], [0.085, 0.623, 0.292, 0.9837], [0.01, 0.796, 0.194, 0.9866], [0.062, 0.644, 0.294, 0.9958], [0.011, 0.796, 0.193, 0.9873], [0.024, 0.732, 0.245, 0.9885], [0.042, 0.617, 0.341, 0.9938], [0.042, 0.685, 0.272, 0.9936], [0.025, 0.809, 0.166, 0.9821], [0.046, 0.74, 0.214, 0.9756], [0.08, 0.772, 0.148, 0.8316], [0.05, 0.702, 0.248, 0.9916], [0.058, 0.751, 0.191, 0.9675], [0.015, 0.643, 0.342, 0.9958], [0.081, 0.603, 0.316, 0.9856], [0.015, 0.824, 0.161, 0.9694], [0.036, 0.71, 0.254, 0.9917], [0.016, 0.778, 0.206, 0.9894], [0.035, 0.558, 0.407, 0.9935], [0.064, 0.645, 0.291, 0.9956], [0.026, 0.76, 0.214, 0.9794], [0.021, 0.685, 0.294, 0.998], [0.064, 0.645, 0.291, 0.9956], [0.0, 0.864, 0.136, 0.9694], [0.013, 0.765, 0.222, 0.9922], [0.024, 0.747, 0.229, 0.9951], [0.085, 0.636, 0.279, 0.9904], [0.0, 0.703, 0.297, 0.9873], [0.03, 0.653, 0.317, 0.9937], [0.038, 0.723, 0.239, 0.9953], [0.059, 0.739, 0.202, 0.9901], [0.012, 0.826, 0.162, 0.9399], [0.093, 0.739, 0.169, 0.8913], [0.015, 0.852, 0.133, 0.9586], [0.033, 0.815, 0.152, 0.9423], [0.008, 0.699, 0.293, 0.9971], [0.094, 0.822, 0.084, -0.0299], [0.058, 0.681, 0.261, 0.9931], [0.011, 0.736, 0.253, 0.9912], [0.009, 0.773, 0.218, 0.9955], [0.038, 0.633, 0.33, 0.9962], [0.027, 0.657, 0.316, 0.9862], [0.061, 0.775, 0.164, 0.9079], [0.008, 0.743, 0.249, 0.9964], [0.032, 0.848, 0.12, 0.9643], [0.062, 0.741, 0.197, 0.9793], [0.047, 0.817, 0.136, 0.9802], [0.036, 0.718, 0.246, 0.9959], [0.063, 0.714, 0.224, 0.9858], [0.025, 0.795, 0.18, 0.9172], [0.0, 0.79, 0.21, 0.967], [0.04, 0.714, 0.246, 0.9889], [0.0, 0.795, 0.205, 0.9774], [0.036, 0.61, 0.354, 0.9954], [0.033, 0.781, 0.186, 0.9871], [0.0, 0.75, 0.25, 0.9917], [0.033, 0.779, 0.188, 0.9709], [0.0, 0.759, 0.241, 0.9908], [0.063, 0.726, 0.212, 0.9517], [0.035, 0.689, 0.276, 0.996], [0.04, 0.672, 0.288, 0.9909], [0.079, 0.65, 0.272, 0.9646], [0.02, 0.78, 0.201, 0.9888], [0.053, 0.667, 0.279, 0.9952], [0.038, 0.858, 0.103, 0.7103], [0.028, 0.733, 0.239, 0.9896], [0.023, 0.699, 0.278, 0.996], [0.094, 0.54, 0.366, 0.9951], [0.048, 0.675, 0.277, 0.9929], [0.012, 0.816, 0.171, 0.9729], [0.034, 0.649, 0.317, 0.9981], [0.073, 0.661, 0.266, 0.9903], [0.02, 0.76, 0.221, 0.9831], [0.088, 0.595, 0.316, 0.9888], [0.057, 0.757, 0.186, 0.981], [0.018, 0.758, 0.224, 0.9898], [0.039, 0.721, 0.24, 0.9892], [0.044, 0.607, 0.35, 0.995], [0.082, 0.605, 0.313, 0.9842], [0.129, 0.592, 0.279, 0.9889], [0.0, 0.746, 0.254, 0.9922], [0.023, 0.702, 0.275, 0.9959], [0.02, 0.839, 0.141, 0.9169], [0.044, 0.9, 0.056, 0.1603], [0.054, 0.563, 0.384, 0.9952], [0.014, 0.758, 0.227, 0.9788], [0.067, 0.65, 0.284, 0.9753], [0.019, 0.738, 0.243, 0.9877], [0.056, 0.66, 0.284, 0.9894], [0.011, 0.821, 0.168, 0.9819], [0.027, 0.67, 0.303, 0.9977], [0.011, 0.676, 0.313, 0.9938], [0.0, 0.749, 0.251, 0.9852], [0.036, 0.808, 0.155, 0.8934], [0.043, 0.652, 0.304, 0.9952], [0.0, 0.752, 0.248, 0.9753], [0.033, 0.656, 0.311, 0.9885], [0.042, 0.665, 0.293, 0.9888], [0.018, 0.602, 0.38, 0.994], [0.028, 0.718, 0.254, 0.9937], [0.08, 0.665, 0.255, 0.9794], [0.075, 0.775, 0.15, 0.9263], [0.014, 0.771, 0.215, 0.9837], [0.07, 0.75, 0.179, 0.9029], [0.07, 0.663, 0.267, 0.9832], [0.092, 0.629, 0.278, 0.987], [0.008, 0.783, 0.209, 0.9842], [0.038, 0.725, 0.237, 0.9538], [0.05, 0.636, 0.314, 0.9953], [0.125, 0.645, 0.23, 0.9579], [0.023, 0.79, 0.187, 0.9878], [0.04, 0.743, 0.218, 0.9643], [0.0, 0.617, 0.383, 0.9952], [0.023, 0.863, 0.114, 0.9616], [0.008, 0.584, 0.408, 0.9959], [0.0, 0.609, 0.391, 0.9966], [0.0, 0.628, 0.372, 0.9961], [0.048, 0.669, 0.284, 0.9968], [0.093, 0.63, 0.277, 0.977], [0.14, 0.693, 0.167, 0.4738], [0.02, 0.582, 0.399, 0.9943], [0.046, 0.723, 0.231, 0.9853], [0.043, 0.651, 0.306, 0.9898], [0.029, 0.783, 0.187, 0.9726], [0.03, 0.582, 0.387, 0.9977], [0.032, 0.746, 0.223, 0.9876], [0.062, 0.781, 0.156, 0.9584], [0.048, 0.813, 0.139, 0.836], [0.078, 0.754, 0.168, 0.8839], [0.077, 0.611, 0.313, 0.9918], [0.012, 0.817, 0.171, 0.9716], [0.027, 0.62, 0.354, 0.9928], [0.026, 0.795, 0.179, 0.9517], [0.058, 0.658, 0.283, 0.9958], [0.109, 0.66, 0.231, 0.9796], [0.064, 0.634, 0.302, 0.9959], [0.029, 0.786, 0.185, 0.9753], [0.021, 0.589, 0.391, 0.9961], [0.0, 0.73, 0.27, 0.9864], [0.098, 0.678, 0.224, 0.9582], [0.0, 0.801, 0.199, 0.9828], [0.04, 0.679, 0.281, 0.9948], [0.032, 0.66, 0.308, 0.997], [0.016, 0.752, 0.232, 0.9792], [0.0, 0.859, 0.141, 0.9866], [0.0, 0.727, 0.273, 0.9879], [0.028, 0.687, 0.286, 0.9965], [0.04, 0.792, 0.168, 0.9559], [0.069, 0.718, 0.213, 0.9485], [0.051, 0.611, 0.337, 0.9967], [0.151, 0.595, 0.253, 0.9493], [0.076, 0.727, 0.197, 0.9855], [0.018, 0.769, 0.213, 0.9925], [0.019, 0.668, 0.312, 0.9939], [0.101, 0.721, 0.178, 0.9339], [0.019, 0.696, 0.285, 0.9961], [0.072, 0.599, 0.329, 0.9927], [0.057, 0.639, 0.304, 0.9972], [0.029, 0.635, 0.336, 0.9946], [0.046, 0.755, 0.199, 0.9888], [0.0, 0.821, 0.179, 0.9831], [0.0, 0.808, 0.192, 0.9601], [0.038, 0.569, 0.393, 0.9985], [0.037, 0.839, 0.124, 0.9133], [0.015, 0.684, 0.301, 0.9956], [0.047, 0.738, 0.215, 0.9733], [0.041, 0.684, 0.275, 0.9901], [0.051, 0.808, 0.142, 0.8803], [0.017, 0.803, 0.18, 0.985], [0.039, 0.654, 0.307, 0.9957], [0.031, 0.685, 0.284, 0.9953], [0.024, 0.834, 0.142, 0.9031], [0.023, 0.861, 0.116, 0.9535], [0.0, 0.76, 0.24, 0.9798], [0.072, 0.632, 0.296, 0.9909], [0.08, 0.636, 0.284, 0.99], [0.0, 0.725, 0.275, 0.9928], [0.121, 0.725, 0.155, 0.765], [0.019, 0.809, 0.172, 0.9838], [0.02, 0.72, 0.26, 0.9899], [0.0, 0.778, 0.222, 0.9787], [0.063, 0.685, 0.252, 0.9716], [0.021, 0.608, 0.371, 0.9964], [0.04, 0.741, 0.219, 0.9628], [0.098, 0.69, 0.212, 0.9855], [0.022, 0.542, 0.437, 0.9974], [0.0, 0.56, 0.44, 0.9977], [0.124, 0.732, 0.144, 0.4791], [0.038, 0.614, 0.348, 0.9948], [0.011, 0.681, 0.309, 0.9971], [0.018, 0.698, 0.284, 0.9974], [0.014, 0.594, 0.392, 0.9919], [0.073, 0.618, 0.308, 0.9905], [0.095, 0.579, 0.326, 0.9912], [0.092, 0.632, 0.276, 0.9825], [0.012, 0.703, 0.285, 0.9955], [0.007, 0.598, 0.394, 0.9967], [0.064, 0.736, 0.2, 0.9571], [0.042, 0.67, 0.287, 0.9915], [0.012, 0.757, 0.231, 0.9939], [0.02, 0.795, 0.185, 0.9856], [0.013, 0.726, 0.261, 0.9889], [0.05, 0.571, 0.379, 0.9983], [0.078, 0.69, 0.232, 0.982], [0.1, 0.726, 0.174, 0.8565], [0.048, 0.655, 0.298, 0.995], [0.028, 0.636, 0.336, 0.9973], [0.059, 0.713, 0.228, 0.9896], [0.021, 0.556, 0.423, 0.9971], [0.055, 0.643, 0.302, 0.9902], [0.051, 0.728, 0.221, 0.959], [0.101, 0.731, 0.167, 0.8626], [0.069, 0.741, 0.19, 0.9611], [0.128, 0.634, 0.238, 0.9239], [0.015, 0.804, 0.182, 0.9716], [0.014, 0.805, 0.181, 0.9803], [0.011, 0.781, 0.208, 0.9816], [0.061, 0.76, 0.179, 0.985], [0.02, 0.682, 0.298, 0.9966], [0.012, 0.796, 0.193, 0.9785], [0.118, 0.701, 0.181, 0.8413], [0.031, 0.585, 0.384, 0.9954], [0.07, 0.642, 0.288, 0.9952], [0.024, 0.74, 0.236, 0.9869], [0.05, 0.66, 0.29, 0.9941], [0.057, 0.739, 0.204, 0.962], [0.011, 0.594, 0.395, 0.9968], [0.009, 0.693, 0.299, 0.9895], [0.032, 0.624, 0.343, 0.9974], [0.062, 0.601, 0.337, 0.9961], [0.022, 0.652, 0.326, 0.9969], [0.108, 0.651, 0.242, 0.9823], [0.023, 0.715, 0.262, 0.9874], [0.033, 0.804, 0.163, 0.9825], [0.024, 0.735, 0.241, 0.9781], [0.028, 0.588, 0.383, 0.9982], [0.051, 0.61, 0.339, 0.9929], [0.034, 0.58, 0.386, 0.9985], [0.007, 0.718, 0.275, 0.9931], [0.034, 0.727, 0.24, 0.9938], [0.053, 0.726, 0.221, 0.9909], [0.0, 0.729, 0.271, 0.9954], [0.119, 0.579, 0.302, 0.9837], [0.058, 0.737, 0.205, 0.9879], [0.019, 0.689, 0.292, 0.9814], [0.064, 0.666, 0.27, 0.994], [0.046, 0.64, 0.314, 0.9925], [0.055, 0.77, 0.175, 0.9645], [0.023, 0.696, 0.281, 0.9935], [0.0, 0.658, 0.342, 0.9922], [0.055, 0.77, 0.175, 0.9645], [0.109, 0.717, 0.174, 0.5267], [0.044, 0.734, 0.222, 0.9941], [0.04, 0.765, 0.195, 0.9779], [0.03, 0.82, 0.15, 0.8901], [0.063, 0.732, 0.205, 0.9925], [0.02, 0.822, 0.158, 0.9659], [0.042, 0.627, 0.331, 0.9935], [0.041, 0.616, 0.343, 0.9925], [0.121, 0.68, 0.199, 0.8282], [0.02, 0.734, 0.246, 0.9947], [0.014, 0.885, 0.101, 0.8999], [0.091, 0.604, 0.305, 0.9884], [0.051, 0.666, 0.283, 0.9954], [0.044, 0.799, 0.157, 0.9814], [0.031, 0.702, 0.267, 0.9939], [0.01, 0.537, 0.453, 0.9961], [0.014, 0.58, 0.407, 0.9934], [0.0, 0.798, 0.202, 0.9915], [0.068, 0.634, 0.298, 0.9895], [0.072, 0.746, 0.183, 0.9512], [0.014, 0.743, 0.243, 0.9843], [0.05, 0.65, 0.3, 0.9948], [0.049, 0.788, 0.163, 0.9231], [0.036, 0.673, 0.291, 0.9945], [0.06, 0.817, 0.123, 0.8456], [0.018, 0.715, 0.267, 0.995], [0.101, 0.648, 0.251, 0.9732], [0.041, 0.712, 0.247, 0.9906], [0.116, 0.639, 0.245, 0.9791], [0.027, 0.732, 0.241, 0.9917], [0.077, 0.774, 0.149, 0.9442], [0.023, 0.631, 0.346, 0.9961], [0.019, 0.827, 0.154, 0.9823], [0.047, 0.693, 0.26, 0.9902], [0.008, 0.745, 0.246, 0.9858], [0.122, 0.624, 0.254, 0.9578], [0.04, 0.742, 0.217, 0.9879], [0.07, 0.745, 0.185, 0.9423], [0.048, 0.716, 0.236, 0.9871], [0.04, 0.774, 0.186, 0.969], [0.143, 0.724, 0.133, -0.4434], [0.012, 0.807, 0.181, 0.9839], [0.118, 0.678, 0.205, 0.8136], [0.175, 0.706, 0.119, -0.8481], [0.0, 0.754, 0.246, 0.9873], [0.012, 0.742, 0.246, 0.9918], [0.028, 0.762, 0.21, 0.9858], [0.027, 0.612, 0.361, 0.9955], [0.01, 0.719, 0.271, 0.9955], [0.054, 0.661, 0.285, 0.9931], [0.036, 0.77, 0.195, 0.9652], [0.037, 0.673, 0.29, 0.9922], [0.018, 0.634, 0.348, 0.9967], [0.044, 0.587, 0.369, 0.9968], [0.045, 0.688, 0.266, 0.9771], [0.0, 0.734, 0.266, 0.9908], [0.018, 0.558, 0.424, 0.9976], [0.053, 0.735, 0.212, 0.9847], [0.082, 0.707, 0.211, 0.9867], [0.042, 0.691, 0.267, 0.9943], [0.156, 0.566, 0.279, 0.9728], [0.102, 0.752, 0.146, 0.8225], [0.064, 0.482, 0.454, 0.9964], [0.067, 0.754, 0.179, 0.9708], [0.068, 0.717, 0.216, 0.97], [0.028, 0.794, 0.177, 0.9814], [0.068, 0.838, 0.094, 0.743], [0.059, 0.757, 0.185, 0.9707], [0.032, 0.639, 0.329, 0.9899], [0.063, 0.651, 0.286, 0.9791], [0.094, 0.75, 0.156, 0.9056], [0.042, 0.822, 0.135, 0.951], [0.018, 0.782, 0.201, 0.9861], [0.181, 0.601, 0.218, 0.7986], [0.053, 0.643, 0.304, 0.9951], [0.052, 0.669, 0.279, 0.9955], [0.0, 0.586, 0.414, 0.9948], [0.023, 0.836, 0.141, 0.9753], [0.009, 0.766, 0.224, 0.9951], [0.133, 0.719, 0.147, 0.1027], [0.026, 0.772, 0.202, 0.9916], [0.015, 0.594, 0.392, 0.9944], [0.028, 0.778, 0.194, 0.9826], [0.0, 0.682, 0.318, 0.9926], [0.019, 0.791, 0.189, 0.9804], [0.017, 0.72, 0.262, 0.9953], [0.035, 0.729, 0.236, 0.9876], [0.067, 0.776, 0.157, 0.8121], [0.013, 0.573, 0.414, 0.9962], [0.054, 0.767, 0.179, 0.9136], [0.026, 0.729, 0.245, 0.9701], [0.022, 0.656, 0.322, 0.9884], [0.023, 0.734, 0.243, 0.9826], [0.0, 0.69, 0.31, 0.9964], [0.0, 0.78, 0.22, 0.9783], [0.022, 0.716, 0.262, 0.9902], [0.093, 0.685, 0.221, 0.9731], [0.024, 0.476, 0.499, 0.9991], [0.045, 0.767, 0.188, 0.9628], [0.01, 0.766, 0.225, 0.982], [0.047, 0.724, 0.229, 0.9699], [0.024, 0.679, 0.297, 0.9938], [0.019, 0.797, 0.184, 0.9337], [0.048, 0.768, 0.184, 0.9849], [0.015, 0.727, 0.258, 0.9966], [0.014, 0.886, 0.101, 0.9246], [0.068, 0.581, 0.351, 0.9979], [0.023, 0.707, 0.27, 0.9918], [0.025, 0.642, 0.333, 0.9897], [0.056, 0.631, 0.313, 0.9883], [0.014, 0.814, 0.173, 0.9451], [0.058, 0.655, 0.287, 0.9879], [0.039, 0.786, 0.175, 0.9795], [0.027, 0.853, 0.12, 0.9217], [0.044, 0.686, 0.27, 0.9956], [0.034, 0.629, 0.337, 0.9977], [0.042, 0.672, 0.286, 0.9933], [0.056, 0.703, 0.241, 0.9895], [0.025, 0.736, 0.239, 0.9781], [0.0, 0.703, 0.297, 0.9956], [0.032, 0.655, 0.313, 0.9977], [0.019, 0.724, 0.257, 0.9963], [0.022, 0.704, 0.274, 0.9975], [0.0, 0.614, 0.386, 0.9957], [0.097, 0.685, 0.218, 0.9759], [0.09, 0.699, 0.211, 0.9142], [0.049, 0.662, 0.289, 0.9875], [0.034, 0.756, 0.209, 0.9894], [0.04, 0.683, 0.277, 0.9914], [0.032, 0.752, 0.215, 0.978], [0.0, 0.732, 0.268, 0.9926], [0.018, 0.665, 0.317, 0.9939], [0.044, 0.76, 0.195, 0.9667], [0.034, 0.738, 0.229, 0.9818], [0.031, 0.637, 0.332, 0.9929], [0.041, 0.642, 0.317, 0.9944], [0.038, 0.787, 0.175, 0.9853], [0.048, 0.674, 0.278, 0.9967], [0.037, 0.751, 0.212, 0.9853], [0.029, 0.687, 0.284, 0.9964], [0.057, 0.655, 0.288, 0.9893], [0.017, 0.754, 0.229, 0.9856], [0.0, 0.733, 0.267, 0.9859], [0.055, 0.507, 0.438, 0.9961], [0.092, 0.759, 0.15, 0.8999], [0.071, 0.606, 0.323, 0.9968], [0.126, 0.59, 0.284, 0.9939], [0.05, 0.689, 0.26, 0.9933], [0.0, 0.626, 0.374, 0.9961], [0.027, 0.685, 0.288, 0.9905], [0.01, 0.746, 0.245, 0.9945], [0.009, 0.792, 0.199, 0.9943], [0.017, 0.692, 0.29, 0.9836], [0.055, 0.648, 0.297, 0.9854], [0.069, 0.625, 0.306, 0.9929], [0.038, 0.672, 0.29, 0.9948], [0.084, 0.657, 0.259, 0.9853], [0.011, 0.607, 0.382, 0.9984], [0.062, 0.776, 0.162, 0.9485], [0.055, 0.624, 0.32, 0.9978], [0.017, 0.761, 0.222, 0.982], [0.038, 0.794, 0.168, 0.9496], [0.021, 0.749, 0.23, 0.9822], [0.014, 0.728, 0.258, 0.9891], [0.065, 0.818, 0.117, 0.7875], [0.056, 0.647, 0.297, 0.9854], [0.05, 0.67, 0.28, 0.9958], [0.033, 0.728, 0.239, 0.9887], [0.06, 0.694, 0.246, 0.9934], [0.023, 0.739, 0.238, 0.9891], [0.0, 0.764, 0.236, 0.9902], [0.042, 0.714, 0.244, 0.9879], [0.016, 0.737, 0.247, 0.9771], [0.011, 0.604, 0.386, 0.997], [0.019, 0.564, 0.417, 0.9957], [0.023, 0.617, 0.36, 0.9983], [0.048, 0.644, 0.309, 0.9881], [0.023, 0.532, 0.444, 0.9963], [0.031, 0.71, 0.259, 0.9844], [0.076, 0.619, 0.306, 0.9917], [0.044, 0.71, 0.246, 0.9803], [0.041, 0.798, 0.161, 0.9756], [0.021, 0.697, 0.283, 0.9915], [0.025, 0.706, 0.269, 0.991], [0.064, 0.725, 0.211, 0.9835], [0.024, 0.593, 0.383, 0.9947], [0.115, 0.565, 0.32, 0.9895], [0.064, 0.615, 0.321, 0.9952], [0.035, 0.651, 0.314, 0.9979], [0.009, 0.715, 0.276, 0.9891], [0.063, 0.576, 0.36, 0.9938], [0.066, 0.793, 0.141, 0.8747], [0.057, 0.561, 0.381, 0.9984], [0.097, 0.76, 0.143, 0.7721], [0.028, 0.672, 0.3, 0.9872], [0.016, 0.649, 0.335, 0.9911], [0.047, 0.749, 0.204, 0.9578], [0.086, 0.61, 0.305, 0.9803], [0.039, 0.601, 0.36, 0.9914], [0.033, 0.651, 0.316, 0.9976], [0.031, 0.655, 0.314, 0.9965], [0.056, 0.708, 0.235, 0.9908], [0.012, 0.732, 0.256, 0.99], [0.047, 0.796, 0.158, 0.9639], [0.121, 0.606, 0.273, 0.9719], [0.078, 0.567, 0.354, 0.9898], [0.093, 0.694, 0.213, 0.9542], [0.03, 0.715, 0.255, 0.99], [0.053, 0.665, 0.282, 0.9942], [0.026, 0.692, 0.282, 0.9953], [0.024, 0.718, 0.258, 0.9964], [0.053, 0.703, 0.244, 0.9806], [0.077, 0.581, 0.342, 0.9925], [0.06, 0.696, 0.243, 0.9733], [0.039, 0.698, 0.263, 0.9879], [0.0, 0.68, 0.32, 0.9888], [0.025, 0.799, 0.176, 0.9882], [0.034, 0.712, 0.254, 0.9879], [0.0, 0.519, 0.481, 0.9968], [0.041, 0.641, 0.318, 0.9971], [0.067, 0.779, 0.154, 0.8491], [0.065, 0.761, 0.174, 0.9206], [0.075, 0.769, 0.157, 0.9839], [0.037, 0.734, 0.229, 0.9719], [0.027, 0.756, 0.217, 0.9786], [0.095, 0.593, 0.312, 0.9816], [0.029, 0.743, 0.228, 0.9889], [0.0, 0.727, 0.273, 0.9842], [0.026, 0.785, 0.189, 0.9732], [0.0, 0.714, 0.286, 0.9954], [0.014, 0.747, 0.239, 0.9953], [0.063, 0.722, 0.215, 0.9458], [0.043, 0.661, 0.296, 0.9939], [0.079, 0.764, 0.157, 0.908], [0.026, 0.524, 0.45, 0.9972], [0.054, 0.599, 0.347, 0.9929], [0.05, 0.756, 0.195, 0.9924], [0.056, 0.644, 0.3, 0.9826], [0.072, 0.726, 0.202, 0.9828], [0.057, 0.723, 0.219, 0.9932], [0.095, 0.692, 0.213, 0.9864], [0.0, 0.67, 0.33, 0.9976], [0.076, 0.749, 0.175, 0.9816], [0.0, 0.846, 0.154, 0.9522], [0.053, 0.587, 0.361, 0.9975], [0.043, 0.765, 0.192, 0.9692], [0.055, 0.835, 0.11, 0.7938], [0.069, 0.75, 0.181, 0.9798], [0.048, 0.646, 0.306, 0.9952], [0.027, 0.746, 0.227, 0.9953], [0.065, 0.771, 0.164, 0.9429], [0.031, 0.724, 0.245, 0.9889], [0.086, 0.621, 0.293, 0.9941], [0.13, 0.523, 0.347, 0.9822], [0.08, 0.729, 0.19, 0.9501], [0.058, 0.788, 0.155, 0.9246], [0.017, 0.595, 0.388, 0.999], [0.018, 0.786, 0.196, 0.9919], [0.023, 0.69, 0.288, 0.9946], [0.038, 0.631, 0.331, 0.9956], [0.089, 0.617, 0.293, 0.9926], [0.042, 0.696, 0.262, 0.9943], [0.062, 0.629, 0.309, 0.9926], [0.011, 0.661, 0.328, 0.9971], [0.041, 0.735, 0.225, 0.9927], [0.107, 0.651, 0.242, 0.9892], [0.039, 0.881, 0.08, 0.5994], [0.151, 0.598, 0.251, 0.9889], [0.048, 0.593, 0.358, 0.9973], [0.051, 0.712, 0.238, 0.9911], [0.062, 0.557, 0.381, 0.9957], [0.036, 0.695, 0.269, 0.9889], [0.014, 0.789, 0.198, 0.9911], [0.065, 0.636, 0.3, 0.9963], [0.016, 0.617, 0.367, 0.996], [0.064, 0.695, 0.241, 0.994], [0.0, 0.701, 0.299, 0.9927], [0.024, 0.696, 0.28, 0.9916], [0.168, 0.621, 0.212, 0.9138], [0.084, 0.687, 0.228, 0.9886], [0.0, 0.773, 0.227, 0.9897], [0.082, 0.657, 0.26, 0.9875], [0.0, 0.669, 0.331, 0.9923], [0.035, 0.733, 0.232, 0.9889], [0.024, 0.834, 0.142, 0.9628], [0.047, 0.67, 0.283, 0.9909], [0.0, 0.692, 0.308, 0.9947], [0.07, 0.675, 0.255, 0.9894], [0.109, 0.694, 0.198, 0.9684], [0.044, 0.695, 0.26, 0.9965], [0.059, 0.778, 0.163, 0.9423], [0.0, 0.753, 0.247, 0.9931], [0.096, 0.758, 0.146, 0.9237], [0.029, 0.61, 0.361, 0.9957], [0.015, 0.762, 0.223, 0.9781], [0.07, 0.796, 0.134, 0.8555], [0.088, 0.648, 0.264, 0.9909], [0.023, 0.66, 0.317, 0.9965], [0.0, 0.672, 0.328, 0.9925], [0.0, 0.823, 0.177, 0.9571], [0.027, 0.763, 0.211, 0.9769], [0.014, 0.853, 0.134, 0.9652], [0.076, 0.755, 0.168, 0.8934], [0.101, 0.674, 0.226, 0.972], [0.129, 0.746, 0.125, 0.0067], [0.11, 0.755, 0.136, 0.6621], [0.065, 0.7, 0.234, 0.9918], [0.049, 0.681, 0.269, 0.9953], [0.055, 0.763, 0.182, 0.9774], [0.0, 0.684, 0.316, 0.9915], [0.09, 0.567, 0.342, 0.9944], [0.047, 0.673, 0.28, 0.9952], [0.0, 0.834, 0.166, 0.9862], [0.062, 0.733, 0.205, 0.9887], [0.007, 0.793, 0.2, 0.9864], [0.024, 0.553, 0.423, 0.9944], [0.067, 0.773, 0.16, 0.9448], [0.079, 0.593, 0.328, 0.9929], [0.095, 0.596, 0.309, 0.9846], [0.017, 0.76, 0.223, 0.975], [0.054, 0.76, 0.186, 0.9743], [0.016, 0.608, 0.376, 0.9962], [0.032, 0.728, 0.24, 0.9923], [0.061, 0.702, 0.237, 0.9686], [0.021, 0.734, 0.245, 0.991], [0.041, 0.496, 0.463, 0.9979], [0.03, 0.59, 0.379, 0.9975], [0.033, 0.736, 0.231, 0.9881], [0.102, 0.694, 0.204, 0.9836], [0.051, 0.767, 0.182, 0.969], [0.046, 0.711, 0.243, 0.9886], [0.105, 0.717, 0.179, 0.958], [0.0, 0.633, 0.367, 0.9957], [0.0, 0.682, 0.318, 0.9842], [0.039, 0.865, 0.096, 0.8555], [0.022, 0.708, 0.27, 0.994], [0.034, 0.662, 0.304, 0.9948], [0.0, 0.821, 0.179, 0.9552], [0.09, 0.63, 0.28, 0.9826], [0.032, 0.689, 0.278, 0.9946], [0.016, 0.759, 0.225, 0.9847], [0.028, 0.743, 0.228, 0.9931], [0.0, 0.601, 0.399, 0.9955], [0.023, 0.561, 0.416, 0.9979], [0.007, 0.761, 0.232, 0.9873], [0.052, 0.755, 0.194, 0.9485], [0.017, 0.594, 0.389, 0.9952], [0.03, 0.784, 0.186, 0.968], [0.053, 0.681, 0.265, 0.9855], [0.0, 0.594, 0.406, 0.9983], [0.022, 0.686, 0.292, 0.9933], [0.02, 0.737, 0.243, 0.9911], [0.046, 0.756, 0.199, 0.9886], [0.031, 0.629, 0.34, 0.9957], [0.01, 0.746, 0.244, 0.9917], [0.021, 0.73, 0.249, 0.9825], [0.033, 0.693, 0.274, 0.9939], [0.117, 0.798, 0.085, -0.2263], [0.0, 0.659, 0.341, 0.9953], [0.078, 0.529, 0.393, 0.9941], [0.083, 0.583, 0.335, 0.9972], [0.0, 0.789, 0.211, 0.9892], [0.073, 0.757, 0.17, 0.9557], [0.072, 0.766, 0.162, 0.9349], [0.056, 0.768, 0.176, 0.9231], [0.02, 0.758, 0.222, 0.9764], [0.036, 0.671, 0.293, 0.9909], [0.113, 0.688, 0.199, 0.9161], [0.094, 0.705, 0.202, 0.9778], [0.11, 0.698, 0.192, 0.9668], [0.054, 0.725, 0.222, 0.9753], [0.0, 0.732, 0.268, 0.9928], [0.0, 0.772, 0.228, 0.9897], [0.0, 0.698, 0.302, 0.9963], [0.077, 0.734, 0.189, 0.9324], [0.01, 0.748, 0.242, 0.9842], [0.075, 0.663, 0.262, 0.9819], [0.0, 0.764, 0.236, 0.9879], [0.049, 0.573, 0.378, 0.9933], [0.059, 0.593, 0.347, 0.9931], [0.03, 0.665, 0.305, 0.998], [0.016, 0.691, 0.293, 0.9851], [0.0, 0.601, 0.399, 0.9953], [0.025, 0.608, 0.367, 0.9928], [0.046, 0.601, 0.353, 0.994], [0.0, 0.728, 0.272, 0.9899], [0.121, 0.642, 0.238, 0.9809], [0.0, 0.796, 0.204, 0.9877], [0.115, 0.707, 0.178, 0.9468], [0.013, 0.63, 0.357, 0.993], [0.031, 0.772, 0.197, 0.9726], [0.009, 0.723, 0.267, 0.9959], [0.023, 0.632, 0.345, 0.9967], [0.028, 0.653, 0.318, 0.9979], [0.026, 0.793, 0.18, 0.946], [0.0, 0.737, 0.263, 0.9803], [0.031, 0.687, 0.282, 0.9961], [0.057, 0.673, 0.27, 0.9834], [0.0, 0.716, 0.284, 0.9969], [0.028, 0.745, 0.227, 0.994], [0.079, 0.559, 0.362, 0.9927], [0.048, 0.662, 0.291, 0.9949], [0.06, 0.72, 0.22, 0.9694], [0.027, 0.609, 0.364, 0.9934], [0.0, 0.788, 0.212, 0.9862], [0.039, 0.707, 0.254, 0.9931], [0.025, 0.689, 0.285, 0.9924], [0.0, 0.75, 0.25, 0.9785], [0.068, 0.639, 0.293, 0.989], [0.068, 0.613, 0.319, 0.9922], [0.037, 0.671, 0.292, 0.9946], [0.017, 0.786, 0.197, 0.9617], [0.018, 0.656, 0.326, 0.9881], [0.075, 0.522, 0.403, 0.9951], [0.014, 0.894, 0.092, 0.8481], [0.011, 0.687, 0.302, 0.987], [0.047, 0.565, 0.388, 0.997], [0.048, 0.581, 0.371, 0.9944], [0.053, 0.776, 0.171, 0.9674], [0.025, 0.683, 0.292, 0.9867], [0.026, 0.684, 0.29, 0.9975], [0.031, 0.638, 0.33, 0.9957], [0.027, 0.695, 0.278, 0.9951], [0.044, 0.542, 0.413, 0.9968], [0.027, 0.676, 0.297, 0.9959], [0.031, 0.797, 0.171, 0.9673], [0.021, 0.646, 0.333, 0.9975], [0.021, 0.62, 0.359, 0.9872], [0.06, 0.69, 0.25, 0.987], [0.045, 0.723, 0.233, 0.9876], [0.021, 0.703, 0.275, 0.9942], [0.028, 0.797, 0.176, 0.9834], [0.009, 0.727, 0.264, 0.9858], [0.031, 0.596, 0.372, 0.9971], [0.035, 0.706, 0.258, 0.995], [0.027, 0.688, 0.286, 0.9851], [0.026, 0.657, 0.317, 0.9928], [0.08, 0.763, 0.157, 0.9595], [0.028, 0.573, 0.399, 0.9993], [0.0, 0.791, 0.209, 0.9919], [0.076, 0.643, 0.281, 0.9853], [0.034, 0.732, 0.234, 0.9882], [0.042, 0.724, 0.234, 0.9871], [0.024, 0.752, 0.224, 0.9925], [0.01, 0.829, 0.161, 0.9719], [0.048, 0.647, 0.305, 0.9976], [0.039, 0.676, 0.285, 0.9898], [0.022, 0.794, 0.184, 0.9779], [0.042, 0.752, 0.206, 0.9829], [0.019, 0.688, 0.293, 0.9967], [0.095, 0.664, 0.241, 0.9546], [0.048, 0.648, 0.304, 0.9966], [0.088, 0.698, 0.214, 0.9825], [0.045, 0.625, 0.329, 0.9974], [0.068, 0.681, 0.251, 0.9948], [0.046, 0.633, 0.321, 0.9826], [0.042, 0.627, 0.331, 0.9956], [0.032, 0.601, 0.367, 0.9976], [0.056, 0.765, 0.179, 0.9036], [0.024, 0.667, 0.309, 0.9953], [0.04, 0.709, 0.251, 0.9827], [0.051, 0.642, 0.306, 0.9897], [0.038, 0.698, 0.264, 0.9935], [0.052, 0.69, 0.258, 0.9916], [0.056, 0.692, 0.252, 0.9753], [0.028, 0.781, 0.191, 0.9793], [0.009, 0.769, 0.222, 0.9829], [0.03, 0.583, 0.387, 0.9968], [0.009, 0.626, 0.365, 0.9979], [0.0, 0.825, 0.175, 0.9451], [0.092, 0.735, 0.172, 0.922], [0.087, 0.668, 0.245, 0.9773], [0.067, 0.668, 0.265, 0.9932], [0.094, 0.678, 0.228, 0.9693], [0.038, 0.731, 0.23, 0.9769], [0.017, 0.698, 0.285, 0.9956], [0.037, 0.569, 0.394, 0.9954], [0.068, 0.859, 0.073, 0.3641], [0.034, 0.618, 0.349, 0.9953], [0.082, 0.683, 0.235, 0.9867], [0.034, 0.753, 0.213, 0.9921], [0.021, 0.821, 0.157, 0.9772], [0.01, 0.643, 0.347, 0.9981], [0.011, 0.868, 0.121, 0.9633], [0.026, 0.706, 0.268, 0.9968], [0.189, 0.525, 0.285, 0.9583], [0.013, 0.751, 0.235, 0.9916], [0.039, 0.715, 0.246, 0.9949], [0.021, 0.607, 0.372, 0.9984], [0.147, 0.606, 0.247, 0.9509], [0.053, 0.742, 0.206, 0.981], [0.049, 0.725, 0.226, 0.9946], [0.0, 0.648, 0.352, 0.9883], [0.071, 0.721, 0.207, 0.9771], [0.035, 0.623, 0.342, 0.9951], [0.0, 0.825, 0.175, 0.9655], [0.044, 0.692, 0.264, 0.9949], [0.03, 0.714, 0.257, 0.9805], [0.018, 0.731, 0.251, 0.9965], [0.101, 0.739, 0.161, 0.8481], [0.0, 0.725, 0.275, 0.9843], [0.021, 0.739, 0.239, 0.9866], [0.06, 0.815, 0.125, 0.9081], [0.037, 0.722, 0.241, 0.9755], [0.055, 0.62, 0.325, 0.9862], [0.027, 0.765, 0.208, 0.9913], [0.016, 0.714, 0.271, 0.9972], [0.0, 0.769, 0.231, 0.9938], [0.049, 0.763, 0.188, 0.9702], [0.03, 0.747, 0.223, 0.9871], [0.0, 0.731, 0.269, 0.9952], [0.013, 0.721, 0.266, 0.9968], [0.0, 0.602, 0.398, 0.9943], [0.074, 0.802, 0.124, 0.8692], [0.088, 0.697, 0.214, 0.9712], [0.029, 0.709, 0.262, 0.9961], [0.01, 0.757, 0.233, 0.9931], [0.087, 0.639, 0.273, 0.9828], [0.012, 0.743, 0.245, 0.9813], [0.098, 0.663, 0.239, 0.985], [0.0, 0.792, 0.208, 0.9747], [0.022, 0.672, 0.306, 0.9896], [0.0, 0.722, 0.278, 0.9956], [0.083, 0.645, 0.272, 0.994], [0.0, 0.761, 0.239, 0.9939], [0.053, 0.694, 0.253, 0.9956], [0.04, 0.604, 0.356, 0.9963], [0.025, 0.822, 0.153, 0.9607], [0.014, 0.793, 0.193, 0.9931], [0.031, 0.591, 0.379, 0.9936], [0.143, 0.654, 0.203, 0.9535], [0.082, 0.679, 0.239, 0.9923], [0.059, 0.634, 0.307, 0.9957], [0.039, 0.628, 0.333, 0.9868], [0.028, 0.677, 0.295, 0.9974], [0.044, 0.74, 0.216, 0.9798], [0.017, 0.752, 0.232, 0.9925], [0.056, 0.713, 0.231, 0.9744], [0.015, 0.681, 0.304, 0.9978], [0.049, 0.655, 0.295, 0.9936], [0.037, 0.611, 0.352, 0.9954], [0.096, 0.676, 0.228, 0.9678], [0.033, 0.613, 0.354, 0.9917], [0.0, 0.857, 0.143, 0.9217], [0.058, 0.716, 0.226, 0.9754], [0.056, 0.771, 0.173, 0.9776], [0.066, 0.74, 0.194, 0.9653], [0.02, 0.679, 0.302, 0.9972], [0.033, 0.648, 0.319, 0.9958], [0.0, 0.716, 0.284, 0.984], [0.018, 0.779, 0.203, 0.9921], [0.055, 0.665, 0.279, 0.9829], [0.039, 0.74, 0.221, 0.9859], [0.015, 0.657, 0.328, 0.9976], [0.011, 0.859, 0.13, 0.9657], [0.052, 0.609, 0.339, 0.9899], [0.04, 0.645, 0.315, 0.9934], [0.063, 0.724, 0.212, 0.9686], [0.027, 0.675, 0.298, 0.994], [0.044, 0.645, 0.312, 0.9966], [0.03, 0.739, 0.231, 0.9925], [0.044, 0.784, 0.172, 0.9535], [0.049, 0.615, 0.337, 0.9969], [0.031, 0.613, 0.357, 0.995], [0.012, 0.559, 0.429, 0.9981], [0.059, 0.56, 0.381, 0.9953], [0.0, 0.713, 0.287, 0.9818], [0.041, 0.687, 0.272, 0.9876], [0.067, 0.726, 0.207, 0.9595], [0.022, 0.768, 0.21, 0.9802], [0.019, 0.703, 0.278, 0.9876], [0.061, 0.812, 0.128, 0.9186], [0.063, 0.667, 0.27, 0.994], [0.063, 0.631, 0.307, 0.9869], [0.007, 0.742, 0.251, 0.991], [0.028, 0.8, 0.172, 0.9584], [0.058, 0.644, 0.298, 0.9904], [0.045, 0.831, 0.124, 0.9494], [0.046, 0.658, 0.296, 0.996], [0.056, 0.579, 0.365, 0.9938], [0.05, 0.805, 0.144, 0.9716], [0.032, 0.739, 0.23, 0.9927], [0.02, 0.726, 0.254, 0.993], [0.078, 0.728, 0.194, 0.9706], [0.044, 0.715, 0.24, 0.9941], [0.023, 0.592, 0.385, 0.9915], [0.013, 0.702, 0.284, 0.9839], [0.025, 0.709, 0.266, 0.9905], [0.076, 0.707, 0.217, 0.9568], [0.077, 0.646, 0.277, 0.9908], [0.079, 0.51, 0.411, 0.9977], [0.08, 0.693, 0.227, 0.9898], [0.029, 0.631, 0.34, 0.9963], [0.012, 0.754, 0.234, 0.9891], [0.025, 0.748, 0.227, 0.9905], [0.033, 0.659, 0.308, 0.998], [0.033, 0.723, 0.244, 0.9766], [0.02, 0.66, 0.32, 0.9956], [0.011, 0.726, 0.264, 0.9925], [0.027, 0.688, 0.285, 0.9967], [0.012, 0.693, 0.294, 0.9926], [0.059, 0.748, 0.193, 0.9849], [0.073, 0.629, 0.298, 0.9968], [0.011, 0.69, 0.298, 0.9959], [0.06, 0.516, 0.424, 0.9965], [0.054, 0.831, 0.115, 0.8676], [0.032, 0.798, 0.17, 0.9901], [0.058, 0.719, 0.223, 0.9643], [0.0, 0.584, 0.416, 0.9965], [0.035, 0.663, 0.302, 0.9978], [0.038, 0.73, 0.232, 0.9891], [0.087, 0.723, 0.19, 0.9394], [0.046, 0.629, 0.325, 0.9921], [0.033, 0.858, 0.109, 0.9526], [0.046, 0.625, 0.329, 0.9981], [0.027, 0.719, 0.254, 0.9813], [0.093, 0.673, 0.235, 0.9493], [0.047, 0.659, 0.294, 0.9907], [0.042, 0.757, 0.201, 0.9854], [0.041, 0.6, 0.358, 0.9981], [0.043, 0.632, 0.325, 0.9819], [0.017, 0.635, 0.348, 0.9984], [0.017, 0.639, 0.344, 0.9984], [0.115, 0.713, 0.172, 0.9017], [0.064, 0.654, 0.281, 0.9883], [0.073, 0.737, 0.19, 0.9725], [0.026, 0.784, 0.19, 0.9686], [0.031, 0.828, 0.142, 0.9437], [0.048, 0.587, 0.364, 0.9924], [0.08, 0.543, 0.377, 0.9897], [0.014, 0.673, 0.313, 0.994], [0.042, 0.764, 0.194, 0.9806], [0.088, 0.746, 0.166, 0.9393], [0.034, 0.698, 0.267, 0.9886], [0.065, 0.72, 0.215, 0.9751], [0.02, 0.586, 0.394, 0.9989], [0.058, 0.686, 0.256, 0.9914], [0.068, 0.642, 0.29, 0.9726], [0.034, 0.724, 0.242, 0.9939], [0.015, 0.686, 0.299, 0.991], [0.03, 0.779, 0.192, 0.966], [0.056, 0.725, 0.219, 0.9806], [0.013, 0.775, 0.212, 0.9878], [0.066, 0.757, 0.177, 0.9559], [0.072, 0.661, 0.267, 0.9677], [0.03, 0.786, 0.185, 0.9919], [0.047, 0.818, 0.135, 0.9201], [0.014, 0.643, 0.343, 0.9924], [0.123, 0.633, 0.244, 0.9874], [0.081, 0.667, 0.252, 0.9942], [0.054, 0.565, 0.381, 0.9965], [0.112, 0.668, 0.22, 0.9729], [0.03, 0.732, 0.238, 0.9842], [0.077, 0.817, 0.105, 0.2782], [0.0, 0.825, 0.175, 0.9638], [0.025, 0.724, 0.25, 0.9899], [0.034, 0.656, 0.31, 0.9961], [0.0, 0.807, 0.193, 0.9771], [0.071, 0.762, 0.168, 0.9611], [0.0, 0.725, 0.275, 0.9958], [0.037, 0.713, 0.25, 0.9925], [0.144, 0.686, 0.17, 0.7452], [0.057, 0.767, 0.176, 0.9866], [0.029, 0.646, 0.325, 0.9956], [0.02, 0.639, 0.341, 0.9964], [0.023, 0.559, 0.418, 0.9955], [0.0, 0.708, 0.292, 0.9867], [0.075, 0.641, 0.284, 0.995], [0.011, 0.691, 0.298, 0.995], [0.017, 0.627, 0.356, 0.9929], [0.057, 0.588, 0.355, 0.9984], [0.056, 0.737, 0.207, 0.9808], [0.068, 0.749, 0.183, 0.9477], [0.0, 0.792, 0.208, 0.9783], [0.094, 0.601, 0.306, 0.9719], [0.032, 0.667, 0.301, 0.9954], [0.028, 0.787, 0.184, 0.9666], [0.006, 0.767, 0.227, 0.9913], [0.011, 0.655, 0.335, 0.9967], [0.037, 0.723, 0.24, 0.9928], [0.012, 0.752, 0.237, 0.9846], [0.068, 0.675, 0.257, 0.9883], [0.068, 0.658, 0.274, 0.9896], [0.022, 0.713, 0.265, 0.981], [0.057, 0.74, 0.202, 0.957], [0.0, 0.56, 0.44, 0.9965], [0.0, 0.716, 0.284, 0.9938], [0.035, 0.672, 0.293, 0.9976], [0.028, 0.697, 0.276, 0.9957], [0.027, 0.691, 0.282, 0.9872], [0.064, 0.752, 0.184, 0.9754], [0.034, 0.613, 0.353, 0.991], [0.029, 0.703, 0.269, 0.9769], [0.024, 0.743, 0.233, 0.9897], [0.031, 0.802, 0.167, 0.969], [0.037, 0.643, 0.32, 0.9972], [0.017, 0.756, 0.226, 0.9826], [0.042, 0.737, 0.221, 0.9934], [0.092, 0.683, 0.225, 0.9773], [0.056, 0.653, 0.291, 0.9973], [0.024, 0.694, 0.283, 0.9788], [0.052, 0.698, 0.25, 0.9915], [0.015, 0.742, 0.243, 0.9957], [0.063, 0.726, 0.211, 0.9849], [0.092, 0.575, 0.332, 0.9818], [0.043, 0.636, 0.321, 0.9883], [0.073, 0.63, 0.297, 0.9723], [0.044, 0.752, 0.203, 0.9825], [0.068, 0.768, 0.164, 0.9509], [0.025, 0.679, 0.296, 0.9958], [0.038, 0.55, 0.412, 0.9911], [0.084, 0.648, 0.268, 0.9761], [0.047, 0.698, 0.255, 0.9859], [0.018, 0.623, 0.358, 0.999], [0.0, 0.796, 0.204, 0.9941], [0.137, 0.65, 0.213, 0.9074], [0.041, 0.765, 0.194, 0.9744], [0.048, 0.725, 0.227, 0.9938], [0.037, 0.629, 0.334, 0.9916], [0.01, 0.817, 0.173, 0.9831], [0.057, 0.814, 0.129, 0.9136], [0.146, 0.648, 0.206, 0.8437], [0.05, 0.759, 0.191, 0.9864], [0.071, 0.707, 0.222, 0.9899], [0.017, 0.658, 0.325, 0.9948], [0.009, 0.647, 0.343, 0.9897], [0.074, 0.675, 0.251, 0.9948], [0.093, 0.639, 0.268, 0.968], [0.127, 0.632, 0.241, 0.9751], [0.058, 0.663, 0.279, 0.9936], [0.057, 0.787, 0.156, 0.9776], [0.077, 0.799, 0.124, 0.6757], [0.0, 0.696, 0.304, 0.9892], [0.041, 0.654, 0.306, 0.9936], [0.052, 0.592, 0.356, 0.9948], [0.04, 0.609, 0.351, 0.9957], [0.034, 0.546, 0.42, 0.9977], [0.0, 0.78, 0.22, 0.9517], [0.036, 0.799, 0.165, 0.9823], [0.047, 0.597, 0.356, 0.9979], [0.054, 0.695, 0.25, 0.9859], [0